0.000000 	 1.000000 
0.240110 	 2.000000 
0.281010 	 3.000000 
0.281870 	 4.000000 
0.321920 	 5.000000 
0.322770 	 6.000000 
0.323620 	 7.000000 
0.324470 	 8.000000 
0.362820 	 9.000000 
0.363670 	 10.000000 
0.364520 	 11.000000 
0.365380 	 12.000000 
0.366250 	 13.000000 
0.367170 	 14.000000 
0.368050 	 15.000000 
0.368970 	 16.000000 
0.404420 	 17.000000 
0.405340 	 18.000000 
0.408940 	 19.000000 
0.409790 	 20.000000 
0.410650 	 20.050000 
0.412690 	 20.100000 
0.413620 	 20.150000 
0.413740 	 20.199000 
0.415670 	 20.249000 
0.416600 	 20.298000 
0.418460 	 20.347000 
0.419420 	 20.397000 
0.419520 	 20.446000 
0.420450 	 20.494000 
0.421320 	 20.543000 
0.422180 	 20.592000 
0.446200 	 20.641000 
0.450610 	 20.689000 
0.450670 	 20.737000 
0.450740 	 20.786000 
0.450800 	 20.834000 
0.450860 	 20.882000 
0.451620 	 20.930000 
0.452510 	 20.977000 
0.453390 	 21.025000 
0.454310 	 21.073000 
0.455240 	 21.120000 
0.456160 	 21.167000 
0.457130 	 21.215000 
0.457940 	 21.262000 
0.459680 	 21.309000 
0.460560 	 21.356000 
0.461430 	 21.403000 
0.462310 	 21.449000 
0.463230 	 21.496000 
0.464100 	 21.542000 
0.487420 	 21.589000 
0.495630 	 21.635000 
0.495690 	 21.681000 
0.495750 	 21.727000 
0.495810 	 21.773000 
0.495880 	 21.819000 
0.495940 	 21.865000 
0.496630 	 21.911000 
0.497490 	 21.957000 
0.521770 	 22.002000 
0.606660 	 22.048000 
0.606720 	 22.093000 
0.606780 	 22.138000 
0.606840 	 22.183000 
0.606900 	 22.228000 
0.606960 	 22.273000 
0.607020 	 22.318000 
0.607080 	 22.363000 
0.607140 	 22.408000 
0.607210 	 22.453000 
0.607270 	 22.497000 
0.607330 	 22.542000 
0.607390 	 22.586000 
0.607450 	 22.630000 
0.607590 	 22.674000 
0.607660 	 22.718000 
0.607740 	 22.762000 
0.607800 	 22.806000 
0.607860 	 22.850000 
0.607920 	 22.894000 
0.647560 	 22.938000 
0.648410 	 22.981000 
0.649270 	 23.025000 
0.650200 	 23.068000 
0.651190 	 23.112000 
0.653340 	 23.155000 
0.653400 	 23.198000 
0.653860 	 23.241000 
0.654740 	 23.284000 
0.655590 	 23.327000 
0.656460 	 23.370000 
0.657310 	 23.413000 
0.658170 	 23.455000 
0.659020 	 23.498000 
0.659870 	 23.541000 
0.660730 	 23.583000 
0.661580 	 23.626000 
0.662430 	 23.668000 
0.663360 	 23.710000 
0.664210 	 23.752000 
0.688460 	 23.794000 
0.689320 	 23.836000 
0.690170 	 23.878000 
0.691100 	 23.920000 
0.692090 	 23.962000 
0.694930 	 24.004000 
0.695940 	 24.045000 
0.696870 	 24.087000 
0.727080 	 24.129000 
0.727140 	 24.170000 
0.727200 	 24.211000 
0.727260 	 24.253000 
0.727320 	 24.294000 
0.727380 	 24.335000 
0.727440 	 24.376000 
0.727520 	 24.417000 
0.727600 	 24.458000 
0.727750 	 24.499000 
0.727810 	 24.540000 
0.727870 	 24.581000 
0.730110 	 24.621000 
0.730960 	 24.662000 
0.731810 	 24.702000 
0.732660 	 24.743000 
0.733520 	 24.783000 
0.736250 	 24.824000 
0.737180 	 24.864000 
0.738140 	 24.904000 
0.769350 	 24.944000 
0.771910 	 24.984000 
0.772760 	 25.024000 
0.773610 	 25.064000 
0.774460 	 25.104000 
0.781610 	 25.144000 
0.781670 	 25.184000 
0.781730 	 25.224000 
0.781790 	 25.263000 
0.781850 	 25.303000 
0.782230 	 25.342000 
0.783100 	 25.382000 
0.783970 	 25.421000 
0.784900 	 25.461000 
0.785750 	 25.500000 
0.786620 	 25.539000 
0.787480 	 25.578000 
0.788330 	 25.617000 
0.789260 	 25.656000 
0.790300 	 25.695000 
0.815430 	 25.734000 
0.815500 	 25.773000 
0.815560 	 25.812000 
0.815620 	 25.851000 
0.815680 	 25.889000 
0.823560 	 25.928000 
0.824490 	 25.967000 
0.824800 	 26.005000 
0.825650 	 26.044000 
0.826580 	 26.082000 
0.827450 	 26.120000 
0.828300 	 26.159000 
0.829150 	 26.197000 
0.830010 	 26.235000 
0.830940 	 26.273000 
0.831850 	 26.311000 
0.832770 	 26.349000 
0.833650 	 26.387000 
0.834570 	 26.425000 
0.835420 	 26.463000 
0.856870 	 26.501000 
0.858100 	 26.538000 
0.877960 	 26.576000 
0.878020 	 26.614000 
0.878080 	 26.651000 
0.878150 	 26.689000 
0.879420 	 26.726000 
0.879490 	 26.764000 
0.879550 	 26.801000 
0.879610 	 26.838000 
0.879670 	 26.876000 
0.879730 	 26.913000 
0.879790 	 26.950000 
0.879850 	 26.987000 
0.879910 	 27.024000 
0.880180 	 27.061000 
0.880240 	 27.098000 
0.880300 	 27.135000 
0.880360 	 27.172000 
0.880420 	 27.209000 
0.897770 	 27.245000 
0.938570 	 27.282000 
0.938630 	 27.319000 
0.938700 	 27.355000 
0.938760 	 27.392000 
0.938820 	 27.428000 
0.938880 	 27.465000 
0.938940 	 27.501000 
0.939000 	 27.538000 
0.939060 	 27.574000 
0.939120 	 27.610000 
0.939200 	 27.646000 
0.939260 	 27.683000 
0.939320 	 27.719000 
0.939380 	 27.755000 
0.939450 	 27.791000 
0.939510 	 27.827000 
0.939570 	 27.863000 
0.939630 	 27.899000 
0.939690 	 27.934000 
0.952270 	 27.970000 
0.979480 	 28.006000 
0.980330 	 28.042000 
0.981180 	 28.077000 
0.982030 	 28.113000 
0.982890 	 28.149000 
0.983740 	 28.184000 
0.984590 	 28.220000 
0.985470 	 28.255000 
0.986320 	 28.290000 
0.987170 	 28.326000 
0.988020 	 28.361000 
0.988880 	 28.396000 
0.989730 	 28.432000 
0.990580 	 28.467000 
0.991440 	 28.502000 
0.992290 	 28.537000 
0.993140 	 28.572000 
0.993990 	 28.607000 
0.994850 	 28.642000 
0.995700 	 28.677000 
1.020450 	 28.712000 
1.021300 	 28.747000 
1.022150 	 28.781000 
1.023010 	 28.816000 
1.023860 	 28.851000 
1.024710 	 28.885000 
1.025570 	 28.920000 
1.026420 	 28.955000 
1.027270 	 28.989000 
1.028120 	 29.024000 
1.028980 	 29.058000 
1.029830 	 29.093000 
1.030720 	 29.127000 
1.031540 	 29.161000 
1.032390 	 29.196000 
1.033240 	 29.230000 
1.034090 	 29.264000 
1.034950 	 29.298000 
1.035800 	 29.332000 
1.036650 	 29.366000 
1.062150 	 29.400000 
1.062230 	 29.434000 
1.063200 	 29.468000 
1.064200 	 29.502000 
1.065350 	 29.536000 
1.068110 	 29.570000 
1.068250 	 29.604000 
1.068330 	 29.638000 
1.068390 	 29.671000 
1.070600 	 29.705000 
1.070660 	 29.739000 
1.070730 	 29.772000 
1.072460 	 29.806000 
1.109440 	 29.840000 
1.109500 	 29.873000 
1.109560 	 29.907000 
1.109620 	 29.940000 
1.109680 	 29.973000 
1.109750 	 30.007000 
1.109810 	 30.040000 
1.109870 	 30.073000 
1.109930 	 30.107000 
1.109990 	 30.140000 
1.110050 	 30.173000 
1.110110 	 30.206000 
1.110860 	 30.239000 
1.111710 	 30.272000 
1.113510 	 30.305000 
1.119920 	 30.338000 
1.126180 	 30.371000 
1.126980 	 30.404000 
1.127830 	 30.437000 
1.128760 	 30.470000 
1.171370 	 30.503000 
1.171430 	 30.536000 
1.171490 	 30.568000 
1.171550 	 30.601000 
1.171610 	 30.634000 
1.171670 	 30.666000 
1.171730 	 30.699000 
1.171800 	 30.732000 
1.171860 	 30.764000 
1.171920 	 30.797000 
1.171980 	 30.829000 
1.172040 	 30.862000 
1.172100 	 30.894000 
1.172160 	 30.926000 
1.172220 	 30.959000 
1.172280 	 30.991000 
1.172430 	 31.023000 
1.172490 	 31.055000 
1.172550 	 31.088000 
1.172850 	 31.120000 
1.212730 	 31.152000 
1.213580 	 31.184000 
1.237940 	 31.216000 
1.238020 	 31.248000 
1.238980 	 31.280000 
1.240210 	 31.312000 
1.241140 	 31.344000 
1.242060 	 31.376000 
1.243350 	 31.408000 
1.243770 	 31.440000 
1.244690 	 31.471000 
1.245550 	 31.503000 
1.246400 	 31.535000 
1.247310 	 31.567000 
1.248120 	 31.598000 
1.248980 	 31.630000 
1.250700 	 31.662000 
1.251560 	 31.693000 
1.252410 	 31.725000 
1.254140 	 31.756000 
1.254990 	 31.788000 
1.263340 	 31.819000 
1.279080 	 31.851000 
1.284480 	 31.882000 
1.284540 	 31.913000 
1.284600 	 31.945000 
1.284660 	 31.976000 
1.284720 	 32.007000 
1.284780 	 32.039000 
1.285130 	 32.070000 
1.285980 	 32.101000 
1.286830 	 32.132000 
1.287690 	 32.163000 
1.312330 	 32.194000 
1.312390 	 32.225000 
1.313390 	 32.256000 
1.314350 	 32.287000 
1.314490 	 32.318000 
1.316000 	 32.349000 
1.348440 	 32.380000 
1.348500 	 32.411000 
1.348560 	 32.442000 
1.348630 	 32.473000 
1.348690 	 32.504000 
1.348750 	 32.534000 
1.348810 	 32.565000 
1.348870 	 32.596000 
1.348930 	 32.627000 
1.348990 	 32.657000 
1.349050 	 32.688000 
1.349110 	 32.718000 
1.349170 	 32.749000 
1.349320 	 32.779000 
1.353670 	 32.810000 
1.354080 	 32.840000 
1.355020 	 32.871000 
1.356000 	 32.901000 
1.356880 	 32.932000 
1.357800 	 32.962000 
1.390140 	 32.992000 
1.391400 	 33.023000 
1.393390 	 33.053000 
1.393450 	 33.083000 
1.395310 	 33.114000 
1.395370 	 33.144000 
1.395870 	 33.174000 
1.396750 	 33.204000 
1.397620 	 33.234000 
1.398470 	 33.264000 
1.399330 	 33.294000 
1.400200 	 33.324000 
1.401050 	 33.354000 
1.401930 	 33.384000 
1.402780 	 33.414000 
1.403630 	 33.444000 
1.404480 	 33.474000 
1.407270 	 33.504000 
1.412990 	 33.534000 
1.413070 	 33.564000 
1.442710 	 33.593000 
1.443330 	 33.623000 
1.444180 	 33.653000 
1.447460 	 33.683000 
1.447530 	 33.712000 
1.447590 	 33.742000 
1.447750 	 33.772000 
1.448620 	 33.801000 
1.449500 	 33.831000 
1.450420 	 33.860000 
1.451270 	 33.890000 
1.452150 	 33.919000 
1.453000 	 33.949000 
1.453930 	 33.978000 
1.457570 	 34.008000 
1.459290 	 34.037000 
1.460140 	 34.067000 
1.461000 	 34.096000 
1.461850 	 34.125000 
1.462700 	 34.155000 
1.483620 	 34.184000 
1.484470 	 34.213000 
1.485320 	 34.242000 
1.519070 	 34.272000 
1.530730 	 34.301000 
1.530790 	 34.330000 
1.530860 	 34.359000 
1.531000 	 34.388000 
1.531060 	 34.417000 
1.531120 	 34.446000 
1.531180 	 34.475000 
1.531240 	 34.504000 
1.540380 	 34.533000 
1.541310 	 34.562000 
1.542240 	 34.591000 
1.543160 	 34.620000 
1.544090 	 34.649000 
1.545010 	 34.678000 
1.545860 	 34.707000 
1.546720 	 34.735000 
1.547590 	 34.764000 
1.548440 	 34.793000 
1.549300 	 34.822000 
1.559970 	 34.850000 
1.571640 	 34.879000 
1.572490 	 34.908000 
1.573340 	 34.936000 
1.574190 	 34.965000 
1.575050 	 34.994000 
1.575900 	 35.022000 
1.576750 	 35.051000 
1.577610 	 35.079000 
1.581280 	 35.108000 
1.582220 	 35.136000 
1.583140 	 35.165000 
1.584060 	 35.193000 
1.584990 	 35.222000 
1.585910 	 35.250000 
1.586770 	 35.278000 
1.587620 	 35.307000 
1.588490 	 35.335000 
1.589350 	 35.363000 
1.590200 	 35.392000 
1.600870 	 35.420000 
1.612540 	 35.448000 
1.613390 	 35.476000 
1.614240 	 35.505000 
1.615100 	 35.533000 
1.615950 	 35.561000 
1.616800 	 35.589000 
1.617660 	 35.617000 
1.618510 	 35.645000 
1.622180 	 35.673000 
1.623120 	 35.701000 
1.624040 	 35.729000 
1.624970 	 35.757000 
1.625890 	 35.785000 
1.626820 	 35.813000 
1.627670 	 35.841000 
1.628520 	 35.869000 
1.629400 	 35.897000 
1.630250 	 35.925000 
1.631100 	 35.953000 
1.641780 	 35.980000 
1.653440 	 36.008000 
1.654290 	 36.036000 
1.655150 	 36.064000 
1.656000 	 36.091000 
1.656850 	 36.119000 
1.657700 	 36.147000 
1.658560 	 36.174000 
1.659410 	 36.202000 
1.663080 	 36.230000 
1.664020 	 36.257000 
1.664940 	 36.285000 
1.665870 	 36.312000 
1.666790 	 36.340000 
1.667720 	 36.368000 
1.668570 	 36.395000 
1.669420 	 36.423000 
1.670300 	 36.450000 
1.671150 	 36.477000 
1.672000 	 36.505000 
1.682680 	 36.532000 
1.694340 	 36.560000 
1.695200 	 36.587000 
1.696050 	 36.614000 
1.696900 	 36.642000 
1.697750 	 36.669000 
1.698610 	 36.696000 
1.699460 	 36.723000 
1.700310 	 36.751000 
1.703980 	 36.778000 
1.704920 	 36.805000 
1.705850 	 36.832000 
1.706770 	 36.859000 
1.707700 	 36.886000 
1.708620 	 36.914000 
1.709470 	 36.941000 
1.710330 	 36.968000 
1.711200 	 36.995000 
1.712050 	 37.022000 
1.712910 	 37.049000 
1.723580 	 37.076000 
1.735250 	 37.103000 
1.736100 	 37.130000 
1.736950 	 37.157000 
1.737800 	 37.184000 
1.738660 	 37.210000 
1.739510 	 37.237000 
1.740360 	 37.264000 
1.741220 	 37.291000 
1.744890 	 37.318000 
1.745820 	 37.345000 
1.746750 	 37.371000 
1.747670 	 37.398000 
1.748600 	 37.425000 
1.749520 	 37.452000 
1.750380 	 37.478000 
1.751230 	 37.505000 
1.752100 	 37.532000 
1.752960 	 37.558000 
1.753810 	 37.585000 
1.764480 	 37.612000 
1.776150 	 37.638000 
1.777000 	 37.665000 
1.777850 	 37.691000 
1.778710 	 37.718000 
1.779560 	 37.744000 
1.780410 	 37.771000 
1.781260 	 37.797000 
1.782120 	 37.824000 
1.785790 	 37.850000 
1.786730 	 37.877000 
1.787650 	 37.903000 
1.788580 	 37.929000 
1.789500 	 37.956000 
1.790430 	 37.982000 
1.791280 	 38.008000 
1.792130 	 38.035000 
1.793010 	 38.061000 
1.793860 	 38.087000 
1.794710 	 38.114000 
1.805390 	 38.140000 
1.817050 	 38.166000 
1.817900 	 38.192000 
1.818760 	 38.218000 
1.819610 	 38.245000 
1.820460 	 38.271000 
1.821310 	 38.297000 
1.822170 	 38.323000 
1.823020 	 38.349000 
1.826690 	 38.375000 
1.827630 	 38.401000 
1.828550 	 38.427000 
1.829480 	 38.453000 
1.830400 	 38.479000 
1.831330 	 38.505000 
1.832180 	 38.531000 
1.833030 	 38.557000 
1.833910 	 38.583000 
1.834760 	 38.609000 
1.835610 	 38.635000 
1.846290 	 38.661000 
1.857950 	 38.687000 
1.858810 	 38.713000 
1.859660 	 38.738000 
1.860510 	 38.764000 
1.861360 	 38.790000 
1.862220 	 38.816000 
1.863070 	 38.842000 
1.863920 	 38.867000 
1.867590 	 38.893000 
1.868530 	 38.919000 
1.869460 	 38.944000 
1.870380 	 38.970000 
1.871310 	 38.996000 
1.872230 	 39.021000 
1.873080 	 39.047000 
1.873940 	 39.073000 
1.874810 	 39.098000 
1.875660 	 39.124000 
1.876520 	 39.149000 
1.887190 	 39.175000 
1.898860 	 39.200000 
1.899710 	 39.226000 
1.900560 	 39.251000 
1.901410 	 39.277000 
1.902270 	 39.302000 
1.903120 	 39.328000 
1.903970 	 39.353000 
1.904820 	 39.379000 
1.908500 	 39.404000 
1.909430 	 39.429000 
1.910360 	 39.455000 
1.911280 	 39.480000 
1.912210 	 39.505000 
1.913130 	 39.531000 
1.913990 	 39.556000 
1.914840 	 39.581000 
1.915710 	 39.607000 
1.916570 	 39.632000 
1.917420 	 39.657000 
1.928090 	 39.682000 
1.939760 	 39.708000 
1.940610 	 39.733000 
1.941460 	 39.758000 
1.942320 	 39.783000 
1.943170 	 39.808000 
1.944020 	 39.833000 
1.944870 	 39.858000 
1.945730 	 39.883000 
1.949400 	 39.909000 
1.950340 	 39.934000 
1.951260 	 39.959000 
1.952190 	 39.984000 
1.953110 	 40.009000 
1.954040 	 40.034000 
1.954890 	 40.059000 
1.955740 	 40.084000 
1.956620 	 40.109000 
1.957470 	 40.133000 
1.958320 	 40.158000 
1.969000 	 40.183000 
1.980660 	 40.208000 
1.981510 	 40.233000 
1.982370 	 40.258000 
1.983220 	 40.283000 
1.984070 	 40.308000 
1.984920 	 40.332000 
1.985780 	 40.357000 
1.986630 	 40.382000 
1.990300 	 40.407000 
1.991240 	 40.431000 
1.992160 	 40.456000 
1.993090 	 40.481000 
1.994010 	 40.506000 
1.994940 	 40.530000 
1.995790 	 40.555000 
1.996640 	 40.580000 
1.997520 	 40.604000 
1.998370 	 40.629000 
1.999220 	 40.654000 
2.009900 	 40.678000 
2.021560 	 40.703000 
2.022420 	 40.727000 
2.023270 	 40.752000 
2.024120 	 40.776000 
2.024970 	 40.801000 
2.025830 	 40.825000 
2.026680 	 40.850000 
2.027530 	 40.874000 
2.031200 	 40.899000 
2.032140 	 40.923000 
2.033070 	 40.948000 
2.033990 	 40.972000 
2.034920 	 40.997000 
2.035840 	 41.021000 
2.036690 	 41.045000 
2.037550 	 41.070000 
2.038420 	 41.094000 
2.039270 	 41.118000 
2.040130 	 41.143000 
2.240130 	 1.000000 
